#chrom	pos	ref	mut	EOA	Normal	R5	R6	R7	R1	R2	R3	R9	R4
chr1	85331160	A	T	1	0	0.057894737	0.271875	0.070588235	0.136726547	0.126195029	0.179453836	0.243820225	0.189595376
chr1	172417620	A	T	1	0	0.100323625	0.243150685	0.083056478	0.173030057	0.129703763	0.188172043	0.227315248	0.219088937
chr1	172634822	A	T	1	0	0.095604396	0.298884758	0.105341246	0.196656051	0.12967581	0.177521008	0.248459959	0.22246941
chr1	196254809	A	T	1	0	0.078895464	0.277777778	0.075170843	0.139183056	0.111650485	0.171586716	0.228682171	0.26129666
chr2	175268948	A	T	1	0	0.079896907	0.183462532	0.078778135	0.126999059	0.111514053	0.147482014	0.148462354	0.15855181
Chr3	10191522	A	T	1	0	0.083798883	0.367063492	0.084370678	0.305225653	0.252840909	0.227038184	0.289017341	0.242063492
chr4	85605246	A	T	1	0	0.053691275	0.28313253	0.059511158	0.17053104	0.139370079	0.19665272	0.196190476	0.236686391
chr6	129486791	A	T	1	0	0.089089089	0.268151815	0.083916084	0.173377157	0.1543052	0.145758662	0.194594595	0.207361963
chr8	37597938	A	T	1	0	0.099573257	0.371382637	0.076225045	0.215447154	0.157060519	0.243150685	0.208389716	0.231622746
chr8	55537447	A	T	1	0	0.076162216	0.547395389	0.06870229	0.115950226	0.110633067	0.117836965	0.213080169	0.206349206
chr8	59059834	A	T	1	0	0.093121693	0	0.080254777	0.443535188	0.371478873	0.452538631	0.255092144	0.22967033
Chr12	2062395	A	T	1	0	0.073563218	0.233215548	0.087420043	0.163907285	0.102888087	0.147126437	0.090909091	0.156732892
chr12	27109572	A	T	1	0	0.097788126	0.302796528	0.094466937	0.148403796	0.129482072	0.185579196	0.235532995	0.226392252
chr15	44093954	A	T	1	0	0.074567244	0.233548387	0.10106383	0.136025505	0.134413727	0.157014157	0.220259128	0.149944873
chr17	67521072	A	T	1	0	0.074589128	0.237199582	0.055718475	0.169110459	0.136958711	0.144291092	0.219277108	0.204693611
chr21	39671587	A	T	1	0	0.069690265	0.291925466	0.060027285	0.154411765	0.134615385	0.170236753	0.234224599	0.238379023
Chr21	41447093	A	T	1	0	0.05862069	0.203027605	0.071524966	0.119156737	0.127761768	0.147277228	0.188616071	0.172768879
chr22	42274003	A	T	1	0	0.103343465	0.239647577	0.087276551	0.178736518	0.14187643	0.179788484	0.226396917	0.197916667
chrX	40525992	A	T	1	0	0.087301587	0.259953162	0.079279279	0.170931423	0.120689655	0.204318937	0.222865412	0.17512275
chr3	52441217	A	T	1	0	0.097891566	0.367288379	0.121451104	0.3115727	0.286699507	0.262948207	0.019099591	0.008241758
chr9	95179699	A	T	1	0	0.07617896	0.255263158	0.071734475	0.217317487	0.14064915	0.19	0.084624553	0
chr15	81650532	A	T	1	0	0.08624031	0.279069767	0.089186176	0.170068027	0.142450142	0.144880174	0.013972056	0
chr9	371472	A	T	1	0	0.048903879	0.270687237	0.103703704	0.158787879	0.129807692	0.116719243	0.005681818	0
chr11	76507255	A	T	1	0	0.082142857	0.278688525	0.083700441	0.137157107	0.129230769	0.105128205	0	0
chr18	45374953	A	T	1	0	0.084153005	0.273764259	0.077873918	0	0	0	0.007319305	0
chr1	175325572	A	T	1	0	0	0	0	0.181013677	0.149345651	0.147679325	0	0
chr3	189038442	A	T	1	0	0	0	0	0.257227576	0.223063973	0.259191176	0	0.014332966
chr4	164247453	A	T	1	0	0	0	0	0.171454219	0.148445336	0.128779395	0	0
chr2	73679901	A	T	1	0	0	0	0	0	0	0.034736842	0.223506744	0.191144708
chr3	47164491	A	T	1	0	0	0	0	0	0	0.020671835	0.259722222	0.244444444
chr4	55953780	A	T	1	0	0	0	0	0	0	0.040069686	0.225	0.18968386
chr7	92731449	A	T	1	0	0	0	0	0	0	0.029177719	0.14254386	0.20923913
chr12	57648851	A	T	1	0	0	0	0	0	0	0.028132992	0.190857143	0.164779874
chr13	58208307	A	T	1	0	0	0	0	0	0	0.044776119	0.2144	0.203957382
chr18	60587249	A	T	1	0	0	0	0	0	0	0.048611111	0.22913257	0.220472441
chrX	117043960	A	T	1	0	0	0	0	0	0	0.028846154	0.215536105	0.19579646
chr2	86292470	A	T	1	0	0	0	0	0	0.065857886	0.058455115	0	0
chr5	80639653	A	T	1	0	0	0	0	0	0.127564674	0.138461538	0	0
chr12	6677069	A	T	1	0	0	0	0	0	0.13536379	0.151329243	0	0.007067138
chr17	65688736	A	T	1	0	0	0	0	0	0.142706131	0.171641791	0	0
chr13	32981862	A	T	1	0	0	0.234994914	0	0	0	0	0.012062726	0
chr3	47143008	A	T	1	0	0	0.541019956	0	0	0	0	0.018058691	0
chr7	7410457	A	T	1	0	0	0.256198347	0	0	0	0	0.010928962	0
chr8	36671740	A	T	1	0	0	0.383759733	0	0	0	0	0.006451613	0
chr10	115922808	A	T	1	0	0	0.276097561	0	0	0	0	0.007228916	0
Chr11	5730673	A	T	1	0	0	0.274487472	0	0	0	0	0.029950083	0
chr12	126138174	A	T	1	0	0	0.313506815	0	0	0	0	0.011661808	0
chr17	7579415	A	T	1	0	0	0.358381503	0	0	0	0	0.012765957	0
chr3	100387927	A	T	1	0	0	0.066666667	0	0	0	0	0	0
chr11	123887168	A	T	1	0	0	0.231311707	0	0	0	0	0	0
chr17	76388721	A	T	1	0	0	0.281632653	0	0	0	0	0	0
chr19	56538564	A	T	1	0	0	0.261312217	0	0	0	0	0	0
chr19	9873980	A	T	1	0	0	0.227911647	0	0	0	0	0	0
chr22	33254018	A	T	1	0	0	0.122390892	0	0	0	0	0	0
chrX	26212006	A	T	1	0	0	0.238310709	0	0	0	0	0	0
chrX	37029565	A	T	1	0	0	0.291984733	0	0	0	0	0	0
chr5	60053350	A	T	1	0	0	0	0	0.108161259	0	0	0	0
chr6	84911480	A	T	1	0	0	0	0	0.32	0	0	0	0
chr19	43702359	A	T	1	0	0	0	0	0	0	0.100775194	0	0
chr3	178947851	A	T	1	0	0	0	0	0	0	0	0.140035907	0
