#chrom	pos	ref	mut	EOA	Normal	R2	R3	R4	R6	R1	R5 	R7
chr2	10807394	A	T	1	0	0.2553	0.275409836	0.298360656	0.349875931	0.178217822	0.273743017	0.3333
chr2	18757597	A	T	1	0	0.240730614	0.283387622	0.348509934	0.379958246	0.224032587	0.306518724	0.344414324
chr3	52696242	A	T	1	0	0.438616939	0.39516129	0.585774059	0.634969325	0.346820809	0.539568345	0.643884892
chr6	17675809	A	T	1	0	0.291447862	0.291891892	0.342261905	0.363291139	0.229007634	0.314049587	0.396011745
chr6	56323991	A	T	1	0	0.28155858	0.282282282	0.337899543	0.401709402	0.230769231	0.346774194	0.371076679
chr6	83849801	A	T	1	0	0.251759015	0.271149675	0.325044405	0.353488372	0.258241758	0.333333333	0.380149813
chr9	131029537	A	T	1	0	0.054334365	0.290271132	0.272241993	0.388579387	0.267080745	0.303278689	0.407265107
chr10	91200956	A	T	1	0	0.290621915	0.271119843	0.321131448	0.360488798	0.209923664	0.3125	0.39133574
chr11	66102617	A	T	1	0	0.332368421	0.323232323	0.378453039	0.41260745	0.293103448	0.370833333	0.402439024
chr11	85342828	A	T	1	0	0.217647059	0.184278351	0.263904035	0.27264061	0.163076923	0.198847262	0.304372548
chr11	118245867	A	T	1	0	0.294152047	0.334545455	0.37254902	0.380769231	0.229357798	0.326530612	0.354595336
chr12	7277307	A	T	1	0	0.326595125	0.283933518	0.325	0.374255066	0.25577812	0.287414966	0.440895553
chr12	95867977	A	T	1	0	0.306696263	0.27734375	0.383064516	0.433962264	0.246575342	0.341614907	0.382964889
chr15	51984426	A	T	1	0	0.284963197	0.263537906	0.311435523	0.404822335	0.228985507	0.281990521	0.373769147
chr17	38556130	A	T	1	0	0.273538157	0.269076305	0.374485597	0.336032389	0.194244604	0.329032258	0.388349515
chr17	38857517	A	T	1	0	0.314809961	0.298003072	0.365239295	0.40375	0.282352941	0.3283859	0.410787321
chr19	12060053	A	T	1	0	0.285242989	0.272214386	0.313032887	0.367088608	0.245733788	0.29676259	0.364653826
chr22	36900392	A	T	1	0	0.263907734	0.320207254	0.383778437	0.393939394	0.238789238	0.328	0.388155668
chr22	42793944	A	T	1	0	0.452024064	0.44047619	0.579638752	0.591216216	0.386904762	0.506053269	0.381683218
chrX	64722933	A	T	1	0	0.281464795	0.32358804	0.334478022	0.33942251	0.244824482	0.329032258	0.384537827
chr2	27564962	A	T	1	0	0.308161351	0.254004577	0.36036036	0.041420118	0.293785311	0.329501916	0.391688312
chr3	194149631	A	T	1	0	0.2529274	0.31277533	0.367424242	0.055299539	0.204081633	0.28030303	0.382743363
chr5	7520902	A	T	1	0	0.287077295	0.284203103	0.360277136	0.036585366	0.252072968	0.297851563	0.37877609
chr5	118814548	A	T	1	0	0.271804062	0.279661017	0.343065693	0.043478261	0.196721311	0.421052632	0.355008787
chr10	50121651	A	T	1	0	0.285587583	0.281437126	0.345679012	0.036015326	0.267002519	0.309749784	0.392834669
chr11	119029365	A	T	1	0	0.304233871	0.304597701	0.349875931	0.03374778	0.285198556	0.321428571	0.386403099
chr11	124908939	A	T	1	0	0.334929048	0.317769131	0.348958333	0.048114434	0.27027027	0.300854701	0.416490142
chr17	8132110	A	T	1	0	0.293081494	0.327169275	0.337579618	0.038543897	0.23089983	0.33072407	0.372745491
chr17	41835935	A	T	1	0	0.29501675	0.303687636	0.385585586	0.050704225	0.268096515	0.27124183	0.394919627
chr17	76445555	A	T	1	0	0.286291486	0.301932367	0.362790698	0.026694045	0.281990521	0.291139241	0.408195429
chr19	9058848	A	T	1	0	0.242608036	0.24403183	0.289308176	0.028571429	0.210191083	0.290123457	0.34021544
chr22	21990737	A	T	1	0	0.257004547	0.296173045	0.31769437	0.034090909	0.235434007	0.318867925	0.374098361
chrX	152721779	A	T	1	0	0.281882353	0.360730594	0.324786325	0.03654485	0.304761905	0.337278107	0.40210356
chr3	197712734	A	T	1	0	0.265275299	0.300261097	0.385234899	0.043624161	0.245098039	0.311512415	0
chr19	52447425	A	T	1	0	0.300225734	0.319512195	0.083333333	0.044088176	0	0	0
chr22	22041218	A	T	1	0	0.28069255	0.24796748	0.344430218	0.03490566	0	0	0
chr6	90423003	A	T	1	0	0	0	0	0	0.217877095	0.269578313	0
chr9	32635217	A	T	1	0	0	0	0	0	0.251282051	0.318042813	0
chr2	198266834	A	T	1	0	0.252688172	0	0	0	0	0	0
chr5	16675004	A	T	1	0	0.252612742	0	0	0	0	0	0
chr6	71603908	A	T	1	0	0.040836854	0	0	0	0	0	0
chr9	77614785	A	T	1	0	0.202229299	0	0	0	0	0	0
chrX	71843081	A	T	1	0	0.187663892	0	0	0	0	0	0
chr3	178936091	A	T	1	0	0.104007634	0	0	0	0	0	0
chr1	153615792	A	T	1	0	0	0	0	0.230582524	0	0	0
chr1	158612715	A	T	1	0	0	0	0	0.300718133	0	0	0
chr1	211264003	A	T	1	0	0	0	0	0.143459916	0	0	0
chr2	152319585	A	T	1	0	0	0	0	0.25748503	0	0	0
chr2	24033350	A	T	1	0	0	0	0	0.343103448	0	0	0
chr3	108284295	A	T	1	0	0	0	0	0.392156863	0	0	0
chr3	130884328	A	T	1	0	0	0	0	0.357414449	0	0	0
chr5	19483481	A	T	1	0	0	0	0	0.285100287	0	0	0
chr7	132990635	A	T	1	0	0	0	0	0.266025641	0	0	0
chr10	106916978	A	T	1	0	0	0	0	0.145833333	0	0	0
chr14	105615619	A	T	1	0	0	0	0	0.594594595	0	0	0
chr15	25585281	A	T	1	0	0	0	0	0.147208122	0	0	0
chr17	61843447	A	T	1	0	0	0	0	0.276429131	0	0	0
chr19	17394370	A	T	1	0	0	0	0	0.291413117	0	0	0
chr20	44642013	A	T	1	0	0	0	0	0.396226415	0	0	0
chr20	13856698	A	T	1	0	0	0	0	0.091458806	0	0	0
chrX	3030580	A	T	1	0	0	0	0	0.341911765	0	0	0
chrX	49040216	A	T	1	0	0	0	0	0.31316435	0	0	0
chr1	156146378	A	T	1	0	0	0	0	0	0.18019802	0	0
chr3	178952085	A	T	1	0	0	0	0	0	0.158268398	0	0
chr4	70513211	A	T	1	0	0	0	0	0	0	0.042016807	0
chr1	93070883	A	T	1	0	0	0	0	0	0	0	0.302752294
chr2	95541421	A	T	1	0	0	0	0	0	0	0	0.381873727
chr2	183584776	A	T	1	0	0	0	0	0	0	0	0.2938
chr5	40972666	A	T	1	0	0	0	0	0	0	0	0.399617591
chr6	143095757	A	T	1	0	0	0	0	0	0	0	0.400530504
chr7	77756605	A	T	1	0	0	0	0	0	0	0	0.403053435
chr11	7530924	A	T	1	0	0	0	0	0	0	0	0.393756294
chr11	107833048	A	T	1	0	0	0	0	0	0	0	0.377929688
chr12	41967687	A	T	1	0	0	0	0	0	0	0	0.396072619
chr17	37619237	A	T	1	0	0	0	0	0	0	0	0.357332049
