#chrom	pos	DESC	Normal	R9	R6	R5	R2	R4	R3	R1	R7
chr1	23191579	desc1	0	0.299479167	0.09978308	0.153917051	0.155737705	0.200455581	0.16344086	0.192771084	0.159045726
chr1	183091353	desc2	0	0.507016473	0.227099237	0.17116061	0.207751938	0.235337788	0.26096823	0.246537396	0.241291957
chr1	185183732	desc3	0	0.255892256	0.095022624	0.197243755	0.232269504	0.235918367	0.25087108	0.234195402	0.234758872
chr1	244217624	desc4	0	0.247191011	0.102734664	0.198487713	0.231812577	0.232931727	0.219277108	0.213636364	0.208955224
chr2	26502887	desc5	0	0.380612245	0.118705036	0.240549828	0.236731255	0.223076923	0.239190432	0.206327373	0.235616438
chr2	86348641	desc6	0	0.371957157	0.123239437	0.203269367	0.222129086	0.249560633	0.252873563	0.243351064	0.234848485
chr3	52643360	desc7	0	0.605095541	0.145315488	0.260797342	0.314833502	0.324945295	0.355748373	0.336065574	0.319430315
chr4	70455148	desc8	0	0.344827586	0.135912698	0.189217759	0.224780702	0.246737841	0.261176471	0.213068182	0.236907731
chr4	74284020	desc9	0	0.347988775	0.139805825	0.164719626	0.22	0.256781193	0.266557645	0.256241787	0.253531599
chr5	139494232	desc10	0	0.075445816	0.134888438	0.161951909	0.176406926	0.191657272	0.211328976	0.187134503	0.195914578
chr9	37441083	desc11	0	0.345	0.118534483	0.226290516	0.23797881	0.23309467	0.255866768	0.233684211	0.2266308
chr11	61112943	desc12	0	0.388960205	0.137351779	0.248927039	0.251612903	0.232690125	0.272727273	0.249632893	0.260952381
chr11	75508233	desc13	0	0.340336134	0.114088821	0.202308215	0.230591852	0.216923077	0.248107653	0.262124711	0.251962884
chr11	107300158	desc14	0	0.380718954	0.117428925	0.167431193	0.195035461	0.25795053	0.271164021	0.272123894	0.249287749
chr11	120827623	desc15	0	0.283935243	0.091743119	0.124666073	0.156113537	0.179255919	0.202488688	0.20487106	0.18558952
chr14	23884667	desc16	0	0.359756098	0.127622378	0.197241379	0.219155844	0.25432526	0.2304	0.23255814	0.265007321
chr14	61201593	desc17	0	0.339314845	0.114206128	0.214362272	0.223583461	0.200286123	0.234828496	0.203539823	0.220747889
chr14	72176168	desc18	0	0.366013072	0.130484988	0.190740741	0.211267606	0.26097867	0.276485788	0.222664016	0.24137931
chr14	75355826	desc19	0	0.377825619	0.194280079	0.240726722	0.254054054	0.267335766	0.277118644	0.273273273	0.25994695
chr14	93286100	desc20	0	0.327044025	0.150115473	0.2	0.223684211	0.205668605	0.238329238	0.193415638	0.237082067
chr17	47874274	desc21	0	0.283356259	0.099252935	0.18207817	0.209326425	0.166482911	0.198083067	0.188383046	0.196885428
chr17	26851604	desc22	0	0.321223709	0.113964687	0.191428571	0.19047619	0.247272727	0.270833333	0.196132597	0.182565789
chr19	3614474	desc23	0	0.336621455	0.124254473	0.208058608	0.200863931	0.265397536	0.224513173	0.264505119	0.229305423
chr20	33971915	desc24	0	0.258408532	0.119538335	0.197384807	0.188626907	0.184072126	0.192837466	0.201011378	0.208306709
chr20	35651180	desc25	0	0.347477064	0.126914661	0.185119575	0.213818861	0.252115059	0.253815261	0.241554054	0.233038348
chr21	31692088	desc26	0	0.399568035	0.15003867	0.222385862	0.21473029	0.242059146	0.285057471	0.237265416	0.252586207
chr21	31962602	desc27	0	0.355093966	0.140387275	0.217088608	0.239078634	0.250628667	0.254166667	0.223181258	0.22734255
chr21	38612823	desc28	0	0.289124668	0.097067745	0.161867704	0.15452151	0.19248396	0.185185185	0.208955224	0.17721519
chr3	67058726	desc29	0	0.3	0.157384988	0.005474453	0	0	0	0	0
chr2	100910744	desc30	0	0.33145434	0.13059034	0	0	0	0	0	0
chr2	20647303	desc31	0	0.369936034	0.121842496	0	0	0	0	0	0
chr3	5021701	desc32	0	0.549295775	0.15855181	0	0	0	0	0	0
chr5	79027367	desc33	0	0.083014049	0.124637681	0	0	0	0	0	0
chr7	30472780	desc34	0	0.323255814	0.124879923	0	0	0	0	0	0
chr7	127222277	desc35	0	0.333680918	0.099916736	0	0	0	0	0	0
chr11	26743135	desc36	0	0.372527473	0.137254902	0	0	0	0	0	0
chr14	75248260	desc37	0	0.371541502	0.134237288	0	0	0	0	0	0
chrX	129058932	desc38	0	0	0.100446429	0.032974001	0.011059908	0	0	0	0
chr7	100648350	desc39	0	0	0	0.19486692	0.192640693	0.009557945	0	0	0
chr9	90501800	desc40	0	0	0	0.156685808	0.187683284	0.00887574	0	0	0
chr7	92764111	desc41	0	0	0	0.174231332	0.203522505	0	0	0	0
chr10	91359222	desc42	0	0	0	0.158564815	0.188771359	0	0	0	0
chr15	81582809	desc43	0	0.335409253	0	0	0	0	0	0	0
chr3	180324050	desc44	0	0	0.097864769	0	0	0	0	0	0
chr20	50715012	desc45	0	0	0	0	0	0.057567317	0.204703833	0	0
chrX	47308115	desc46	0	0	0	0	0	0	0	0.094717668	0
chr10	5791986	desc47	0	0	0	0	0	0	0	0.017069701	0.167199148
chr1	46471986	desc48	0	0	0	0	0	0	0	0	0.237614679
chr2	242099869	desc49	0	0	0	0	0	0	0	0	0.220538721
