#chrom	pos	ref	mut	EOA	Normal	R2	LN1a	LN1b	R1	R3	R7	R4	R15	R6
chr1	214818616	A	T	1	0	0.107008289	0.298449612	0.140495868	0.178664354	0.1312	0.371108344	0.130971993	0.113886114	0.062295082
Chr1	157556056	A	T	1	0	0.192	0.291581109	0.139162562	0.148188804	0.143613001	0.213559322	0.266298343	0.23433584	0.154394299
Chr1	117127540	A	T	1	0	0.152151102	0.262839879	0.105395232	0.114806867	0.138379205	0.205371248	0.228888889	0.236200257	0.160798122
Chr1	200948756	A	T	1	0	0.210031348	0.292225201	0.148333333	0.124444444	0.177083333	0.223443223	0.277624309	0.250388802	0.192245557
chr2	31483612	A	T	1	0	0.214733542	0.26183844	0.155963303	0.139130435	0.129539952	0.215189873	0.215584416	0.233070866	0.157514451
chr2	159389818	A	T	1	0	0.180520571	0.282515991	0.114014252	0.173511294	0.13800578	0.310043668	0.209389671	0.196004994	0.156097561
chr2	182360634	A	T	1	0	0.182	0.257928118	0.145390071	0.16918429	0.122738002	0.274542429	0.200943396	0.213622291	0.155599604
chr2	182850915	A	T	1	0	0.213373403	0.278782112	0.161490683	0.196150321	0.146341463	0.307270233	0.234096692	0.193452381	0.16342083
chr2	219540069	A	T	1	0	0.18950064	0.259301015	0.134281201	0.155913978	0.152371342	0.336267606	0.235294118	0.204580153	0.190779014
Chr2	231936900	A	T	1	0	0.087312415	0.154135338	0.079931973	0.112676056	0.057742782	0.136904762	0.105863192	0.064039409	0.06846473
chr3	33194519	A	T	1	0	0.218034993	0.375193798	0.163072776	0.229777257	0.157434402	0.504385965	0.321944809	0.295552367	0.182825485
chr4	104055047	A	T	1	0	0.194666667	0.205035971	0.166153846	0.165242165	0.117021277	0.292035398	0.241293532	0.226851852	0.1953125
chr4	144617633	A	T	1	0	0.215229215	0.243978244	0.130395683	0.159810127	0.122594832	0.30942623	0.179817906	0.232774674	0.084775087
chr5	15937192	A	T	1	0	0.216755319	0.269905533	0.159126365	0.155988858	0.141141141	0.336236934	0.247706422	0.217687075	0.101341282
chr5	78977819	A	T	1	0	0.19486271	0.276162791	0.13884993	0.156374502	0.136147039	0.301515152	0.258754864	0.214467005	0.086306099
chr6	13486942	A	T	1	0	0.192821369	0.296532847	0.154228856	0.132154006	0.143428953	0.316312057	0.215428034	0.205495818	0.145631068
chr6	138611079	A	T	1	0	0.185185185	0.279194631	0.1625	0.155244755	0.130146082	0.325819672	0.262917933	0.241481481	0.147812971
chr6	155597478	A	T	1	0	0.178821179	0.219858156	0.140645161	0.139272271	0.128360798	0.38030888	0.26946848	0.262762763	0.159367397
Chr6	117248638	A	T	1	0	0.167676768	0.251025431	0.140860215	0.127772848	0.153094463	0.361149111	0.246441281	0.20240481	0.163328197
chr7	128040160	A	T	1	0	0.222070845	0.236434109	0.143504532	0.174692049	0.144873001	0.286123033	0.252873563	0.229621125	0.158184319
chr7	128446389	A	T	1	0	0.188616071	0.263378804	0.134474328	0.156130268	0.129005059	0.302259887	0.242757243	0.209693373	0.187839305
chr7	128480187	A	T	1	0	0.208695652	0.252010724	0.161654135	0.181008902	0.163481953	0.354231975	0.211309524	0.190361446	0.176190476
Chr7	97821058	A	T	1	0	0.172939068	0.272807018	0.106408706	0.150259067	0.120143885	0.318435754	0.202925046	0.20260223	0.159235669
chr8	41552703	A	T	1	0	0.188235294	0.335917313	0.149659864	0.178637201	0.140703518	0.193069307	0.135746606	0.129817444	0.077108434
chr8	125463574	A	T	1	0	0.180579216	0.296774194	0.128479657	0.133451957	0.107923497	0.42776204	0.143820225	0.147727273	0.102040816
chr8	145736530	A	T	1	0	0.230359521	0.257871064	0.158878505	0.141112619	0.129383313	0.409181637	0.146788991	0.140264026	0.084745763
chr9	77377434	A	T	1	0	0.145289444	0.263645726	0.138957816	0.111549852	0.083403538	0.273830156	0.216632444	0.22823219	0.077373974
chr9	79986065	A	T	1	0	0.114444444	0.259960159	0.133089133	0.174518201	0.164029975	0.345985401	0.22829582	0.200455581	0.178654292
chr9	90252929	A	T	1	0	0.093480935	0.273009307	0.153846154	0.174061433	0.1656	0.30787037	0.228086711	0.197152245	0.192
Chr10	14939481	A	T	1	0	0.185404339	0.254256527	0.171794872	0.157079646	0.157986111	0.329918033	0.228643216	0.261515602	0.102902375
chr10	30747025	A	T	1	0	0.17370892	0.243498818	0.113342898	0.161366313	0.13484252	0.270710059	0.156596794	0.114864865	0.172566372
chr10	100179804	A	T	1	0	0.187429854	0.291421857	0.128671329	0.137767221	0.137701804	0.318318318	0.265432099	0.255376344	0.074964639
chr11	1270910	A	T	1	0	0.351800554	0.388888889	0.311926606	0.310231023	0.287937743	0.46557377	0.368715084	0.384375	0.170418006
Chr11	130068907	A	T	1	0	0.148979592	0.199795082	0.117647059	0.098196393	0.095673877	0.201780415	0.164149043	0.145857643	0.135338346
chr11	9182384	A	T	1	0	0.194484761	0.307823129	0.17037037	0.136085627	0.162274619	0.313432836	0.248196248	0.223905724	0.150793651
chr12	5021933	A	T	1	0	0.187134503	0.286451613	0.140969163	0.136246787	0.142564103	0.285198556	0.225538972	0.197260274	0.071322437
chr12	7548771	A	T	1	0	0.202941176	0.286108556	0.150684932	0.143372408	0.158752658	0.307989691	0.234967623	0.196589769	0.096399535
chr12	56525028	A	T	1	0	0.18630137	0.247011952	0.166666667	0.163697105	0.110091743	0.373076923	0.226415094	0.217449664	0.157264957
chr12	102053455	A	T	1	0	0.190591074	0.254137116	0.144615385	0.11878453	0.151801029	0.312101911	0.222797927	0.195190948	0.092888244
Chr12	121868214	A	T	1	0	0.188235294	0.253631285	0.128169014	0.146118721	0.14024976	0.276707531	0.195701357	0.206940874	0.096096096
chr13	111293903	A	T	1	0	0.181538462	0.243217054	0.13940256	0.123376623	0.124434389	0.296343001	0.182817183	0.210822999	0.132318501
Chr16	28844161	A	T	1	0	0.183041723	0.241847826	0.097142857	0.152941176	0.133550489	0.277372263	0.177606178	0.170998632	0.134796238
chr17	35444324	A	T	1	0	0.170842825	0.23986095	0.153947368	0.163674762	0.135972461	0.296853625	0.240990991	0.203160271	0.141583055
Chr17	10297616	A	T	1	0	0.198151951	0.275791624	0.150060024	0.167728238	0.147407407	0.28625	0.24055666	0.219912473	0.163383546
chr18	14763979	A	T	1	0	0.179061372	0.270833333	0.133832976	0.161443495	0.160677966	0.316788321	0.247432306	0.265536723	0.170050761
chr18	67801756	A	T	1	0	0.19265233	0.28042328	0.203893443	0.121142857	0.130467572	0.297218155	0.121852971	0.135844749	0.149793388
chr20	54972837	A	T	1	0	0.177419355	0.287769784	0.148541114	0.159515952	0.148381295	0.34335443	0.26645768	0.198146002	0.147232038
chr22	26937131	A	T	1	0	0.190730838	0.262541806	0.122171946	0.201149425	0.148599269	0.307692308	0.210769231	0.220421394	0.162661738
chrX	12939540	A	T	1	0	0.348623853	0.541436464	0.276346604	0.375227687	0.287356322	0.366093366	0.455958549	0.459869848	0.303822938
chrX	30873483	A	T	1	0	0.412857143	0.514035088	0.240506329	0.331343284	0.254589963	0.589473684	0.481717011	0.409335727	0.300160514
chrX	106200167	A	T	1	0	0.340909091	0.539964476	0.327004219	0.355742297	0.296912114	0.628571429	0.504078303	0.38121547	0.308900524
Chr5	35033657	A	T	1	0	0.170798898	0.262668046	0.152054795	0.053571429	0.111272727	0.296526055	0.009090909	0	0
Chr14	65264468	A	T	1	0	0	0	0	0.073193047	0.013610315	0.236111111	0.17201426	0.142066421	0.06045082
chr6	168475945	A	T	1	0	0	0	0	0.030513176	0.01588785	0.018900344	0.241982507	0.240793201	0
chr4	119237398	A	T	1	0	0.199820789	0	0	0	0	0	0	0	0
Chr7	36459912	A	T	1	0	0.174789916	0	0	0	0	0	0	0	0
chr19	56369355	A	T	1	0	0.200524246	0	0	0	0	0	0	0	0
chrX	69255416	A	T	1	0	0.400900901	0	0	0	0	0	0	0	0
chr22	31485803	A	T	1	0	0	0.28962536	0.145985401	0	0	0	0	0	0
chr9	101748174	A	T	1	0	0	0	0	0.027777778	0	0	0	0	0
chr5	65058924	A	T	1	0	0	0	0	0	0	0.119047619	0	0	0
Chr5	96129630	A	T	1	0	0	0	0	0	0	0.278382582	0	0	0
chr6	108496124	A	T	1	0	0	0	0	0	0	0.158203125	0	0	0
chr11	113076803	A	T	1	0	0	0	0	0	0	0.161875946	0	0	0
chr17	1631632	A	T	1	0	0	0	0	0	0	0.21875	0	0	0
chr18	63430081	A	T	1	0	0	0	0	0	0	0.315699659	0	0	0
chr14	89084603	A	T	1	0	0	0	0	0	0	0	0.126646403	0	0
chr1	39905038	A	T	1	0	0	0	0	0	0	0	0	0.155270655	0
chr3	136664875	A	T	1	0	0	0	0	0	0	0	0	0.116842105	0
chr6	55638940	A	T	1	0	0	0	0	0	0	0	0	0.084307179	0
chr2	113304734	A	T	1	0	0	0	0	0	0	0	0	0	0.166666667
chr17	47699335	A	T	1	0	0	0	0	0	0	0	0	0	0.125581395
