#Chrom	Pos	DESC	Normal	R2	R1	R3	R4	R11	R10	R9	R5	R6	R7	R8
chr2	183960200	desc1	0.00	0.182602922	0.229473684	0.235543018	0.195957821	0.212017167	0.178891821	0.120915033	0.175308642	0.104718067	0.091094494	0.161654135
chr3	10191491	desc2	0.00	0.264413519	0.296416938	0.28359375	0.20487106	0.257651246	0.203488372	0.161849711	0.192883895	0.134353741	0.101002004	0.185517241
chr7	143826573	desc3	0.00	0.204563651	0.236333053	0.184861718	0.189465409	0.235703246	0.186081694	0.14519774	0.164310093	0.084798345	0.084093614	0.166272656
chr16	67912920	desc4	0.00	0.192990442	0.223084886	0.205188679	0.191167574	0.226315789	0.194461538	0.131487889	0.164669098	0.162972621	0.085446527	0.197238659
chr17	4693058	desc5	0.00	0.1522158	0.220140515	0.178294574	0.158150852	0.173228346	0.144144144	0.088	0.133448873	0.056768559	0.053763441	0.162907268
chr19	55751203	desc6	0.00	0.202954399	0.237529691	0.20749543	0.161220044	0.194711538	0.188760807	0.105943152	0.139328689	0.1046875	0.075581395	0.163588391
chr10	101835704	desc7	0.00	0.190735695	0.21801433	0.193360996	0.17147311	0.031353135	0.028511822	0	0.021356784	0	0	0
chr1	2100983	desc8	0.00	0.17218543	0.226824458	0.242857143	0.163414634	0	0	0	0	0	0	0
chr3	52643542	desc9	0.00	0.235930736	0.23953824	0.251304348	0.20678733	0	0	0	0	0	0	0
chr3	145794620	desc10	0.00	0.136125654	0.124183007	0.12371134	0.165289256	0	0	0	0	0	0	0
chr3	183958996	desc11	0.00	0.194775259	0.2205	0.226593234	0.181973759	0	0	0	0	0	0	0
chr4	25390157	desc12	0.00	0.161290323	0.291666667	0.172413793	0.09375	0	0	0	0	0	0	0
chr4	186326953	desc13	0.00	0.203559028	0.191889219	0.23153527	0.184878301	0	0	0	0	0	0	0
chr5	74078809	desc14	0.00	0.164224356	0.18200305	0.169642857	0.158682635	0	0	0	0	0	0	0
chr5	125887777	desc15	0.00	0.171992481	0.181471597	0.171130952	0.157467532	0	0	0	0	0	0	0
chr5	131046342	desc16	0.00	0.117624953	0.155482815	0.1886121	0.102362205	0	0	0	0	0	0	0
chr5	176025608	desc17	0.00	0.154404145	0.164096916	0.173067805	0.153110048	0	0	0	0	0	0	0
chr7	82581515	desc18	0.00	0.180291153	0.213174748	0.19778481	0.191168831	0	0	0	0	0	0	0
chr8	145771055	desc19	0.00	0.176018447	0.232688172	0.205070843	0.190682557	0	0	0	0	0	0	0
chr9	134073605	desc20	0.00	0.195003729	0.225686366	0.154903186	0.181951937	0	0	0	0	0	0	0
chr11	72288443	desc21	0.00	0.187282928	0.228935471	0.200631912	0.175710594	0	0	0	0	0	0	0
chr11	55111320	desc22	0.00	0.191513121	0.236613603	0.202409639	0.176712329	0	0	0	0	0	0	0
chr12	59277357	desc23	0.00	0.197706603	0.247048535	0.207459207	0.193420306	0	0	0	0	0	0	0
chr13	20425551	desc24	0.00	0.208955224	0.212906265	0.209495102	0.177655678	0	0	0	0	0	0	0
chr17	3336969	desc25	0.00	0.106456693	0.103752759	0.122384274	0.113415711	0	0	0	0	0	0	0
chr19	9082505	desc26	0.00	0.183061147	0.227313975	0.173913043	0.178359684	0	0	0	0	0	0	0
chr19	9085463	desc27	0.00	0.191934279	0.214675052	0.225075529	0.191808192	0	0	0	0	0	0	0
chrX	36368233	desc28	0.00	0.373989218	0.460168697	0.436233611	0.356521739	0	0	0	0	0	0	0
chr7	137206626	desc29	0.00	0	0.009478673	0.135237069	0.05556892	0	0	0	0	0	0	0
chr15	30092896	desc30	0.00	0	0.015640274	0.188493565	0.082003302	0	0	0	0	0	0	0
chr7	91630929	desc31	0.00	0	0	0	0	0	0	0	0.135380321	0.127639155	0.075242718	0.153899721
chr11	6453172	desc32	0.00	0	0	0	0	0	0	0	0.199712644	0.13002681	0.079271873	0.174363808
chr15	86800249	desc33	0.00	0	0	0	0	0	0	0	0.128600823	0.090148699	0.079365079	0.17377261
chr1	151337465	desc34	0.00	0	0	0	0	0	0.205791744	0.173611111	0.030563926	0	0	0
chr3	179519687	desc35	0.00	0	0	0	0	0	0.161846778	0.125523013	0.036514119	0	0	0
chr10	35495858	desc36	0.00	0	0	0	0	0	0.171283472	0.115309127	0.028838659	0	0	0
chr14	51107556	desc37	0.00	0	0	0	0	0	0.230818009	0.138092757	0.037422037	0	0	0
chr1	10435004	desc38	0.00	0	0	0	0	0	0.197524497	0.149970006	0	0	0	0
chr6	26205140	desc39	0.00	0	0	0	0	0	0.188574083	0.128088754	0	0	0	0
chr7	40174159	desc40	0.00	0	0	0	0	0	0.203454894	0.121287129	0	0	0	0
chr1	107961221	desc41	0.00	0	0	0	0	0	0	0	0.009966777	0.082041933	0	0
chr13	32805407	desc42	0.00	0.182151182	0.015873016	0	0	0	0	0	0	0	0	0
chr6	7246926	desc43	0.00	0.083786725	0	0	0	0	0	0.009090909	0	0	0	0
chr5	130782311	desc44	0.00	0.131277813	0	0	0	0	0	0	0	0	0	0
chr11	71819764	desc45	0.00	0.143250689	0	0	0	0	0	0	0	0	0	0
chr11	92616299	desc46	0.00	0.323408624	0	0	0	0	0	0	0	0	0	0
chr19	2827684	desc47	0.00	0.171177762	0	0	0	0	0	0	0	0	0	0
chr1	150812099	desc48	0.00	0	0	0	0	0.206096753	0	0	0	0	0	0
chr2	48066587	desc49	0.00	0	0	0	0	0.211158798	0	0	0	0	0	0
chr2	84752780	desc50	0.00	0	0	0	0	0.23255814	0	0	0	0	0	0
chr2	220045449	desc51	0.00	0	0	0	0	0.211967546	0	0	0	0	0	0
chr5	140347805	desc52	0.00	0	0	0	0	0.15653965	0	0	0	0	0	0
chr8	23306385	desc53	0.00	0	0	0	0	0.213356461	0	0	0	0	0	0
chr11	113935029	desc54	0.00	0	0	0	0	0.215889465	0	0	0	0	0	0
chr14	101349577	desc55	0.00	0	0	0	0	0.196428571	0	0	0	0	0	0
chr17	7578271	desc56	0.00	0	0	0	0	0.134963768	0	0	0	0	0	0
chr19	2987928	desc57	0.00	0	0	0	0	0.206192822	0	0	0	0	0	0
chrX	85769371	desc58	0.00	0	0	0	0	0	0.066141732	0	0	0	0	0
chr20	40081419	desc59	0.00	0	0	0	0	0	0	0.118657938	0	0	0	0
chr2	233633053	desc60	0.00	0	0	0	0	0	0	0	0.088491049	0	0	0
chr16	20348617	desc61	0.00	0	0	0	0	0	0	0	0.085025381	0	0	0
chr3	133099327	desc62	0.00	0	0	0	0	0	0	0	0.104556075	0	0	0.009338521
chr3	130141580	desc63	0.00	0	0	0	0	0	0	0	0	0	0	0.130242826
chr6	43473562	desc64	0.00	0	0	0	0	0	0	0	0	0	0	0.154308617
chr6	55443849	desc65	0.00	0	0	0	0	0	0	0	0	0	0	0.136272545
chr7	99507250	desc66	0.00	0	0	0	0	0	0	0	0	0	0	0.105298913
chr9	139972577	desc67	0.00	0	0	0	0	0	0	0	0	0	0	0.152230971
chr16	84050827	desc68	0.00	0	0	0	0	0	0	0	0	0	0	0.09897879
