#chrom	pos	ref	mut	EOA	Normal	R1	R2	R6	R3	R7
chr1	86047115	A	T	1	0	0.208371247	0.038211968	0.144117647	0.254982415	0.156398104
chr1	214816224	A	T	1	0	0.175988069	0.036541599	0.06802244	0	0.125317098
chr2	119751996	A	T	1	0	0.175097862	0.036744067	0.097533632	0.222001325	0.131791908
chr2	128466334	A	T	1	0	0.148322256	0.036733541	0.073369565	0.185087509	0.31258337
chr3	45000715	A	T	1	0	0.220240262	0.032267195	0.196244131	0.275801749	0.487851358
Chr3	134268978	A	T	1	0	0.184794248	0.033375715	0.059471366	0.232699471	0.402694611
chr4	44709934	A	T	1	0	0.175885167	0.037969624	0.104251012	0.211583616	0.263771873
chr6	117841041	A	T	1	0	0.168612637	0.03381319	0.102471368	0.235546579	0.267160162
chr8	73849748	A	T	1	0	0.167810356	0.035041612	0.154272152	0.221133868	0.314356436
chr10	88451726	A	T	1	0	0.168817394	0.029337804	0.074829932	0.229988194	0.512287335
chr13	114566625	A	T	1	0	0.209019092	0.033842795	0.122252747	0.237677985	0.254887762
chr17	45696476	A	T	1	0	0.183505891	0.032624113	0.095067265	0.214092873	0.216500878
chr17	79632553	A	T	1	0	0.18422334	0.037866224	0.075323215	0.154086957	0.203536346
chr8	113349840	A	T	1	0	0	0.030740038	0.172839506	0.222165864	0.308834447
chr19	51219681	A	T	1	0	0	0.034953112	0.111743772	0.212747381	0.231955923
chr3	33099620	A	T	1	0	0	0	0.184357542	0.301075269	0.392857143
Chr3	52437750	A	T	1	0	0	0	0.168089648	0.26	0.411233328
chr7	154561175	A	T	1	0	0	0	0.12847839	0.235576923	0.276696165
chr8	131140197	A	T	1	0	0	0	0.158100559	0.211289603	0.268864469
chr10	104590461	A	T	1	0	0	0	0.101325019	0.220886293	0.486439195
chr5	127728882	A	T	1	0	0	0	0.067307692	0	0.211462451
chr8	105263327	A	T	1	0	0	0	0.067179846	0.209828824	0
chr2	80136761	A	T	1	0	0	0	0	0.20530303	0.337634409
chr3	126226811	A	T	1	0	0	0	0	0.12317586	0.104405552
chr19	2226271	A	T	1	0	0	0	0	0.214705131	0.333618477
chr20	41419958	A	T	1	0	0	0	0	0.019661222	0.16718529
chr1	42048662	A	T	1	0	0.195884774	0	0	0	0
chr1	149903893	A	T	1	0	0.170801403	0	0	0	0
chr2	38525435	A	T	1	0	0.071504051	0	0	0	0
chr3	52595839	A	T	1	0	0.240867993	0	0	0	0
chr6	132966457	A	T	1	0	0.165274878	0	0	0	0
chr10	73464783	A	T	1	0	0.059715946	0	0	0	0
chr10	87407144	A	T	1	0	0.175324675	0	0	0	0
chr15	65489101	A	T	1	0	0.171823862	0	0	0	0
chr19	17652964	A	T	1	0	0.173514077	0	0	0	0
chr3	4878510	A	T	1	0	0	0	0.170157068	0	0
chr4	10445618	A	T	1	0	0	0	0.083056478	0	0
chr10	24820837	A	T	1	0	0	0	0.092236231	0	0
chr20	30497690	A	T	1	0	0	0	0.106649937	0	0
chr11	6292024	A	T	1	0	0	0	0	0.215616046	0
chr12	133358952	A	T	1	0	0	0	0	0.183323705	0
chr22	21328822	A	T	1	0	0	0	0	0.219374069	0
chr18	18608851	A	T	1	0	0	0	0	0.216020879	0
chr3	49688508	A	T	1	0	0	0	0	0	0.462779156
chr4	3189513	A	T	1	0	0	0	0	0	0.092073659
chr8	17827164	A	T	1	0	0	0	0	0	0.188259109
chr8	110588046	A	T	1	0	0	0	0	0	0.178233438
chr11	5221789	A	T	1	0	0	0	0	0	0.29
chr12	40114846	A	T	1	0	0	0	0	0	0.187736563
chr17	7577018	A	T	1	0	0	0	0	0	0.32601588
chr18	48513396	A	T	1	0	0	0	0	0	0.280193237
