#chrom	pos	DESC	Normal	R3	VT	R10	R4	R2	R8
chr1	23191579	desc1	0	0.349440716	0.310185185	0.336423329	0.122641509	0.300153139	0.124141574
chr1	183091353	desc2	0	0.275890638	0.278037383	0.346923647	0.214529915	0.286764706	0.258010118
chr1	185183732	desc3	0	0.294453084	0.23125	0.347179169	0.21045392	0.2	0.279747833
chr1	244217624	desc4	0	0.336848833	0.366935484	0.328934506	0.11954023	0.181578947	0.2487946
chr2	26502887	desc5	0	0.281307551	0.29601518	0.328066215	0.119013062	0.102836879	0.236782648
chr2	86348641	desc6	0	0.477987421	0.465217391	0.493953488	0.268551237	0.163934426	0.481025641
chr3	52643360	desc7	0	0.404656319	0.387681159	0.483841182	0.26635514	0.218390805	0.425952045
chr4	70455148	desc8	0	0.448091603	0.51059322	0.452782989	0.278601695	0.183727034	0.495741056
chr4	74284020	desc9	0	0.277847624	0.42300885	0.343195266	0.046093984	0.083154122	0.231347962
chr5	139494232	desc10	0	0.255033557	0.293532338	0.236886633	0.174757282	0.196202532	0.275
chr9	37441083	desc11	0	0.227951153	0.228070175	0.256076389	0.228618421	0.083333333	0.242465753
chr11	61112943	desc12	0	0.332231405	0.246073298	0.320203304	0.188879804	0.259776536	0.266101695
chr11	75508233	desc13	0	0.303921569	0.342105263	0.334217507	0.165322581	0.329268293	0.261096606
chr11	107300158	desc14	0	0.333333333	0.423076923	0.282894737	0.213333333	0.37254902	0.315789474
chr11	120827623	desc15	0	0.356293895	0.302916275	0.340074906	0.205592543	0.180693069	0.148305085
chr14	23884667	desc16	0	0.346236559	0.355932203	0.38372093	0.244705882	0.308139535	0.232227488
chr14	61201593	desc17	0	0.278617711	0.29787234	0.258776329	0.202970297	0.143884892	0.291925466
chr14	72176168	desc18	0	0.341105679	0.343716434	0.322916667	0.094266278	0.248207885	0.159257661
chr21	31962602	desc19	0	0	0	0.306586826	0.179216867	0.102189781	0.212192263
chr21	38612823	desc20	0	0	0	0.264069264	0.158113731	0.218543046	0.296717172
chr3	67058726	desc21	0	0	0	0.046979866	0.036585366	0.153846154	0.303571429
chr2	100910744	desc22	0	0	0	0	0.106870229	0.135802469	0.161111111
chr2	20647303	desc23	0	0	0	0	0.205901219	0.156441718	0.278903456
chr3	5021701	desc24	0	0	0	0	0.291346154	0.229946524	0.434724983
chr5	79027367	desc25	0	0	0	0	0.119391026	0.077051926	0.347699476
chr7	30472780	desc26	0	0	0	0	0.168850073	0.186721992	0.145708583
chr7	127222277	desc27	0	0	0	0	0.265758092	0.238095238	0.337175793
chr11	26743135	desc28	0	0	0	0	0.238981391	0.247311828	0.29006883
chr14	75248260	desc29	0	0	0	0	0.094117647	0.097107438	0.231660232
chrX	129058932	desc30	0	0	0	0	0.257281553	0.11627907	0.285223368
chr7	100648350	desc31	0	0	0	0	0.215224913	0.202572347	0.400956284
chr9	90501800	desc32	0	0	0	0	0.067245119	0.225806452	0
chr7	92764111	desc33	0	0	0	0	0.053435115	0.257425743	0
chr10	91359222	desc34	0	0	0	0	0	0.136986301	0.093415008
chr15	81582809	desc35	0	0	0	0	0.164100638	0	0.135463
chr3	180324050	desc36	0	0.316479401	0	0	0	0	0.011647255
chr20	50715012	desc37	0	0.315738025	0	0	0	0	0
chrX	47308115	desc38	0	0.227353464	0	0	0	0	0
chr10	5791986	desc39	0	0.284263959	0	0	0	0	0
chr1	46471986	desc40	0	0.2856291	0	0	0	0	0
chr2	242099869	desc41	0	0.216840537	0	0	0	0	0
chr3	242099870	desc42	0	0.303867403	0	0	0	0	0
chr4	242099871	desc43	0	0.274406332	0	0	0	0	0
chr5	242099872	desc44	0	0.321142285	0	0	0	0	0
chr6	242099873	desc45	0	0.314930991	0	0	0	0	0
chr7	242099874	desc46	0	0.321160043	0	0	0	0	0
chr8	242099875	desc47	0	0.264705882	0	0	0	0	0
chr9	242099876	desc48	0	0.330942623	0	0	0	0	0
chr10	242099877	desc49	0	0.090441932	0	0	0	0	0
chr11	242099878	desc50	0	0	0.352307692	0	0	0	0
chr12	242099879	desc51	0	0	0.26899696	0	0	0	0
chr13	242099880	desc52	0	0	0.325047801	0	0	0	0
chr14	242099881	desc53	0	0	0.32	0	0	0	0
chr15	242099882	desc54	0	0	0.226168224	0	0	0	0
chr16	242099883	desc55	0	0	0.210526316	0	0	0	0
chr17	242099884	desc56	0	0	0.251533742	0	0	0	0
chr18	242099885	desc57	0	0	0.358560794	0	0	0	0
chr19	242099886	desc58	0	0	0.279661017	0	0	0	0
chr20	242099887	desc59	0	0	0.390804598	0	0	0	0
chr21	242099888	desc60	0	0	0.29261745	0	0	0	0
chr22	242099889	desc61	0	0	0.352941176	0	0	0	0
chr23	242099890	desc62	0	0	0.355555556	0	0	0	0
chr24	242099891	desc63	0	0	0.337792642	0	0	0	0
chr25	242099892	desc64	0	0	0	0.265217391	0	0	0
chr26	242099893	desc65	0	0	0	0.302410519	0	0	0
chr27	242099894	desc66	0	0	0	0.225192012	0	0	0
chr28	242099895	desc67	0	0	0	0.239992073	0	0	0
chr29	242099896	desc68	0	0	0	0.273860911	0	0	0
chr30	242099897	desc69	0	0	0	0.324881141	0	0	0
chr31	242099898	desc70	0	0	0	0	0.336244541	0	0
chr32	242099899	desc71	0	0	0	0	0.058614565	0	0
chr33	242099900	desc72	0	0	0	0	0.088452088	0	0
chr34	242099901	desc73	0	0	0	0	0.143079316	0	0
chr35	242099902	desc74	0	0	0	0	0.087524752	0	0
chr36	242099903	desc75	0	0	0	0	0.176508761	0	0
chr37	242099904	desc76	0	0	0	0	0.151429722	0	0
chr38	242099905	desc77	0	0	0	0	0.090977444	0	0
chr39	242099906	desc78	0	0	0	0	0.264859228	0	0.006045949
chr40	242099907	desc79	0	0	0	0	0.162790698	0	0
chr41	242099908	desc80	0	0	0	0	0.083395383	0	0
chr42	242099909	desc81	0	0	0	0	0.107444359	0	0
chr43	242099910	desc82	0	0	0	0	0.169897779	0	0
chr44	242099911	desc83	0	0	0	0	0.44214876	0	0
chr45	242099912	desc84	0	0	0	0	0.101265823	0	0
chr46	242099913	desc85	0	0	0	0	0.065915728	0.005042017	0
chr47	242099914	desc86	0	0	0	0	0.251861042	0.007559395	0
chr48	242099915	desc87	0	0	0	0	0	0.141025641	0
chr49	242099916	desc88	0	0	0	0	0	0.071428571	0
chr50	242099917	desc89	0	0	0	0	0	0.058139535	0
chr51	242099918	desc90	0	0	0	0	0	0.155378486	0
chr52	242099919	desc91	0	0	0	0	0	0.232774674	0
chr53	242099920	desc92	0	0	0	0	0	0.141153082	0
chr54	242099921	desc93	0	0	0	0	0	0.110878661	0
chr55	242099922	desc94	0	0	0	0	0	0.063938619	0
chr56	242099923	desc95	0	0	0	0	0	0.080645161	0
chr57	242099924	desc96	0	0	0	0	0	0.116229624	0
chr58	242099925	desc97	0	0	0	0	0	0.185929648	0
chr59	242099926	desc98	0	0	0	0	0	0.125766871	0
chr60	242099927	desc99	0	0	0	0	0	0.147717099	0
chr61	242099928	desc100	0	0	0	0	0	0.051948052	0
chr62	242099929	desc101	0	0	0	0	0	0.152195122	0
chr63	242099930	desc102	0	0	0	0	0	0.10052356	0
chr64	242099931	desc103	0	0	0	0	0	0.18404908	0
chr65	242099932	desc104	0	0	0	0	0	0.184971098	0
chr66	242099933	desc105	0	0	0	0	0	0.136659436	0
chr67	242099934	desc106	0	0	0	0	0	0.163963964	0
chr68	242099935	desc107	0	0	0	0	0	0.141762452	0
chr69	242099936	desc108	0	0	0	0	0	0.099337748	0
chr70	242099937	desc109	0	0	0	0	0	0.158878505	0
chr71	242099938	desc110	0	0	0	0	0	0.165441176	0
chr72	242099939	desc111	0	0	0	0	0	0.095238095	0
chr73	242099940	desc112	0	0	0	0	0	0.146666667	0
chr74	242099941	desc113	0	0	0	0	0	0.118335501	0
chr75	242099942	desc114	0	0	0	0	0	0.10787172	0
chr76	242099943	desc115	0	0	0	0	0	0.298181818	0
chr77	242099944	desc116	0	0	0	0	0	0.007619048	0.152142857
chr78	242099945	desc117	0	0	0	0	0	0	0.155405405
chr79	242099946	desc118	0	0	0	0	0	0	0.156084656
chr80	242099947	desc119	0	0	0	0	0	0	0.072916667
chr81	242099948	desc120	0	0	0	0	0	0	0.155537459
chr82	242099949	desc121	0	0	0	0	0	0	0.164034022
chr83	242099950	desc122	0	0	0	0	0	0	0.160183066
chr84	242099951	desc123	0	0	0	0	0	0	0.187992989
chr85	242099952	desc124	0	0	0	0	0	0	0.145880821
chr86	242099953	desc125	0	0	0	0	0	0	0.144278607
chr87	242099954	desc126	0	0	0.007102273	0	0	0	0.265496434
chr88	242099955	desc127	0	0	0	0	0	0	0.325423729
