#chrom	pos	ref	mut	EOA	Normal	R1	R2	R3	R6	R4	R5	R7	R8
chr1	154401900	A	T	1	0	0.084605087	0.276880902	0.077181208	0.331780724	0.298097252	0.27527492	0.163624368	0.240865244
chr1	151785452	A	T	1	0	0.099171799	0.289230075	0.077545328	0.284824462	0.291623578	0.304724409	0.161004153	0.242151163
chr1	209807915	A	T	1	0	0.100877193	0.302564103	0.059139785	0.32038835	0.240196078	0.208333333	0.15625	0.217021277
chr3	10191514	A	T	1	0	0.089996763	0.424566088	0.087116564	0.534391534	0.456790123	0.383113936	0.192340916	0.30592817
chr5	109049453	A	T	1	0	0.064567769	0.198716578	0.043538355	0.200557103	0.206539259	0.195835678	0.108388704	0.158539907
chr6	36181827	A	T	1	0	0.086786933	0.284565916	0.07995917	0.326674501	0.294455067	0.26654687	0.149247403	0.246191513
chr8	53852639	A	T	1	0	0.095355867	0.298910082	0.09129362	0.334862385	0.31023622	0.299107143	0.164923954	0.227306003
Chr8	37823048	A	T	1	0	0.079058936	0.232519652	0.07937799	0.299093656	0.271073238	0.247477361	0.120416802	0.076733545
chr10	52103640	A	T	1	0	0.079854809	0.248565011	0.093248663	0.365784499	0.313131313	0.282667569	0.13720558	0.232009926
chr10	32560716	A	T	1	0	0.096899225	0.296635183	0.083478868	0.360438102	0.322869955	0.258136925	0.151223128	0.256666667
chr10	104850451	A	T	1	0	0.08625035	0.307172996	0.086986538	0.335789811	0.309516837	0.29141203	0.157054126	0.236205227
Chr11	3692491	A	T	1	0	0.059352518	0.255319149	0.070038911	0.268041237	0.257653061	0.259239634	0.138996139	0.239277652
chr11	18739511	A	T	1	0	0.086697248	0.277186608	0.075997653	0.313962873	0.317115768	0.284860016	0.152377241	0.229744728
chr11	19854089	A	T	1	0	0.089324619	0.282638889	0.087227414	0.346222065	0.305057618	0.272662384	0.161882596	0.247122762
chr12	53911042	A	T	1	0	0.08683068	0.308386412	0.075528701	0.340631037	0.315163816	0.292321924	0.16682762	0.23852618
chr12	120582478	A	T	1	0	0.080982236	0.283148758	0.082071152	0.32687566	0.320317267	0.259416967	0.155441622	0.233989378
chr13	53313272	A	T	1	0	0.090709784	0.294596165	0.077385159	0.334715026	0.314461339	0.270480704	0.155405405	0.263801408
chr15	45668809	A	T	1	0	0.091518373	0.283341475	0.078263353	0.323661382	0.316941298	0.261592301	0.161441091	0.227246709
chr16	31367231	A	T	1	0	0.098548972	0.278972521	0.082078853	0.342257598	0.31882481	0.282293179	0.162318113	0.23043986
chr19	50368466	A	T	1	0	0.096796985	0.286197037	0.078658184	0.328522121	0.303464071	0.283914445	0.158924689	0.239151093
chr22	37332619	A	T	1	0	0.089952847	0.303044071	0.073290703	0.301757394	0.309358398	0.296727925	0.164761905	0.255085435
Chr22	39534671	A	T	1	0	0.088135141	0.31092437	0.080226215	0.315498341	0.306775875	0.259724085	0.153475159	0.227788482
chr1	23762513	A	T	1	0	0	0	0	0.170154686	0.117820324	0.276927519	0.151277824	0.228456914
chr1	28476817	A	T	1	0	0	0	0	0.17746005	0.121413721	0.303206997	0.169954904	0.215049929
Chr3	52437604	A	T	1	0	0	0	0	0.26035503	0.176470588	0.407247627	0.193098641	0.320315582
chr7	127983772	A	T	1	0	0	0	0	0.380665722	0.252904725	0.546059195	0.35795133	0.234124793
chr11	105923816	A	T	1	0	0	0	0	0.14732965	0.096760259	0.267206478	0.140631087	0.224438903
chr12	58177053	A	T	1	0	0	0	0	0.179949664	0.117740024	0.250904704	0.163585003	0.244300912
chr14	50141129	A	T	1	0	0	0	0	0.180750408	0.112256924	0.258922981	0.162416107	0.237913043
chr20	239825	A	T	1	0	0	0	0	0.195408296	0.119690155	0.279634465	0.152915935	0.081855043
chr4	84376839	A	T	1	0	0	0	0	0.164627364	0.110192837	0.238337907	0.139427249	0
chr14	51410923	A	T	1	0	0	0	0	0.184526112	0.116133774	0.28635805	0.164179104	0
chr18	56585650	A	T	1	0	0	0	0	0.185403178	0.126777832	0.251824818	0.153969206	0
chr5	172535713	A	T	1	0	0	0	0	0.007037127	0.068015114	0.069070594	0.023009204	0
chr2	186656713	A	T	1	0	0	0	0	0.172581429	0.008748906	0.129417383	0.119430241	0
chr1	899347	A	T	1	0	0.093947037	0.289416847	0.079580855	0.14087359	0.191156276	0	0	0
chr4	110882080	A	T	1	0	0.091767881	0.30071844	0.072530221	0.15398956	0.182829889	0	0	0
chr1	151039918	A	T	1	0	0.087627518	0.301156069	0.07860262	0.123143564	0.181111775	0	0	0
chr2	26203621	A	T	1	0	0.091996015	0.315104167	0.098679099	0.137968693	0.79925901	0	0	0
chr3	101574293	A	T	1	0	0.09556314	0.295746785	0.078068264	0.131432545	0.204334365	0	0	0
chr7	23508126	A	T	1	0	0.09073724	0.306776297	0.077896138	0.118298626	0.146067416	0	0	0
chr9	113538123	A	T	1	0	0.093286495	0.280062064	0.079849498	0.147634584	0.192368839	0	0	0
chr9	116172531	A	T	1	0	0.071991001	0.267195767	0.081428571	0.154731458	0.182987141	0	0	0
chr12	56385144	A	T	1	0	0.082656827	0.289230769	0.071473354	0.15807888	0.196836555	0	0	0
chr16	2136795	A	T	1	0	0.102379236	0.304442037	0.08701979	0.159344262	0.194602273	0	0	0
chr20	48140743	A	T	1	0	0.095033113	0.276402928	0.109992811	0.187791861	0.179280188	0	0	0
chr2	170147482	A	T	1	0	0	0	0.099807322	0.151951497	0	0	0	0
chr3	52439883	A	T	1	0	0	0	0.088543549	0.212677997	0	0	0	0
chr12	6804672	A	T	1	0	0	0	0.083048919	0.160411311	0	0	0	0
chr12	126138458	A	T	1	0	0.077016743	0	0	0	0	0	0	0
chr14	24838993	A	T	1	0	0.091420118	0	0	0	0	0	0	0
Chr3	52438488	A	T	1	0	0	0.3995172	0	0	0	0	0	0
chr5	141041728	A	T	1	0	0	0.211503623	0	0	0	0	0	0
chr7	24727141	A	T	1	0	0	0.29598562	0	0	0	0	0	0
chr11	2909814	A	T	1	0	0	0.292409241	0	0	0	0	0	0
chr11	124095954	A	T	1	0	0	0.204182914	0	0	0	0	0	0
chr13	77748486	A	T	1	0	0	0.296226415	0	0	0	0	0	0
chr17	44827190	A	T	1	0	0	0.055954825	0	0	0	0	0	0
chr19	9236914	A	T	1	0	0	0.281066426	0	0	0	0	0	0
chr19	37211002	A	T	1	0	0	0.297638843	0	0	0	0	0	0
chr9	138714298	A	T	1	0	0	0	0	0.104096709	0	0	0	0
chr10	323333	A	T	1	0	0	0	0	0.165074135	0	0	0	0
chr11	22281086	A	T	1	0	0	0	0	0.16976938	0	0	0	0
chr16	1396201	A	T	1	0	0	0	0	0.177918983	0	0	0	0
chr1	62713277	A	T	1	0	0	0	0	0	0.097078784	0	0	0
chr4	47556801	A	T	1	0	0	0	0	0	0.276716572	0	0	0
chr4	57797255	A	T	1	0	0	0	0	0	0.181383106	0	0	0
chr4	57843259	A	T	1	0	0	0	0	0	0.20441989	0	0	0
Chr5	54572179	A	T	1	0	0	0	0	0	0.158403869	0	0	0
chr20	21494058	A	T	1	0	0	0	0	0	0.177395757	0	0	0
ChrX	128623040	A	T	1	0	0	0	0	0	0.338709677	0	0	0
chr1	31840269	A	T	1	0	0	0	0	0	0	0	0	0.159474135
chr2	241938402	A	T	1	0	0	0	0	0	0	0	0	0.081570997
chr10	50723728	A	T	1	0	0	0	0	0	0	0	0	0.123583934
chr11	6898134	A	T	1	0	0	0	0	0	0	0	0	0.152986092
chr16	1816138	A	T	1	0	0	0	0	0	0	0	0	0.065149626
chr17	10427955	A	T	1	0	0	0	0	0	0	0	0	0.19170096
