#chrom	pos	DESC	normal	a	b	c	d
chr1	13806323	PDPN	0	0.00274	0.000209	0.000238	0.213
chr1	33336351	ADC	0	0.0000209	0.0000778	0.00014	0.172
chr1	112100092	DDX20	0	0.36	0.417	0.263	0.714
chr1	152585526	ATP8B2	0	0.412	0.324	0.475	0.328
chr1	165363067	DUSP27	0	0.262	0.342	0.359	0.256
chr1	220962389	C1orf58	0	0.242	0.164	0.308	0.104
chr10	1043055	GTPBP4	0	0.251	0.263	0.246	0.277
chr10	95181223	MYOF	0	0.364	0.286	0.371	0.345
chr10	104154688	PSD	0	0.623	0.456	0.779	0.532
chr11	66835660	SSH3	0	0.311	0.362	0.351	0.241
chr11	109540527	ZC3H12C	0	0.415	0.284	0.441	0.278
chr11	129249901	NFRKB	0	0.38	0.3	0.363	0.355
chr12	13124049	KIAA1467	0	0.432	0.366	0.47	0.341
chr12	54956177	CS	0	0.645	0.401	0.781	0.474
chr12	56427166	TSPAN31	0	0.746	0.462	0.768	0.51
chr12	62807702	SRGAP1	0	0.0832	0.000154	0.000165	0.000101
chr12	110964252	C12orf30	0	0.401	0.33	0.623	0.306
chr12	112319517	SDS	0	0.368	0.266	0.568	0.324
chr13	21173549	FGF9	0	0.497	0.343	0.87	0.417
chr14	20858174	RPGRIP1	0	0	0.000326	0.268	0.000194
chr14	95865609	ATG2B	0	0.458	0.324	0.41	0.354
chr16	8849226	PMM2	0	0.374	0.257	0.472	0.326
chr16	31275454	AC093520.4_ITGAX	0	0.444	0.285	0.388	0.29
chr16	83080424	KIAA1609	0	0.139	0.103	0.158	0.127
chr18	10477785	APCDD1	0	0.0127	0.0099	0.00449	0.391
chr18	32049669	MOCOS	0	0.00017	0.000236	0.000209	0.194
chr18	42352175	LOXHD1	0	0.316	0.37	0.503	0.382
chr19	6711787	SH2D3A	0	0.653	0.45	0.706	0.515
chr19	13928188	AC020916.8-2	0	0.000182	0.000126	0.000321	0.262
chr19	17392203	FAM125A	0	0.386	0.415	0.516	0.487
chr19	43694943	RYR1	0	0.0482	0.031	0.000389	0.277
chr19	48372135	PSG5	0	0.0345	0.00521	0.000154	0.221
chr19	62891289	ZNF551	0	0.441	0.31	0.435	0.285
chr2	96890835	SEMA4C	0	0.385	0.208	0.413	0.341
chr2	135461933	YSK4	0	0	0.000462	0.000229	0.178
chr2	189580863	COL3A1	0	0.0156	0.0232	0.000258	0.119
chr2	206883811	ZDBF2	0	0.385	0.34	0.555	0.401
chr2	230789853	SP110	0	0.000251	0.000144	0.000191	0.207
chr21	34391094	MRPS6_SLC5A3	0	0.224	0.369	0.293	0.194
chr22	23159640	ADORA2A	0	0.708	0.392	0.73	0.584
chr3	50207080	GNAT1	0	0.364	0.334	0.471	0.358
chr3	154363416	RAP2B	0	0.374	0.334	0.427	0.242
chr4	15138329	CC2D2A	0	0.000191	0.000114	0.000267	0.346
chr4	89178556	PKD2	0	0.375	0.348	0.484	0.328
chr4	126460306	FAT4	0	0.432	0.297	0.441	0.0247
chr4	149053700	ARHGAP10	0	0.0000345	0.000115	0.000101	0.197
chr5	43482244	C5orf28	0	0.0121	0.000148	0.000144	0.0559
chr5	121813452	SNCAIP_AC022101.4	0	0.441	0.286	0.401	0.371
chr5	121814660	SNCAIP_AC022101.4	0	0.477	0.286	0.383	0.378
chr5	141316903	PCDH12	0	0.427	0.324	0.5	0.31
chr5	148187056	ADRB2	0	0.431	0.36	0.4	0.316
chr5	159370127	TTC1	0	0.401	0.331	0.477	0.375
chr5	178072956	ZNF354A	0	0.275	0.202	0.314	0.219
chr6	26381446	HIST1H2BI	0	0.204	0.231	0.195	0.191
chr6	26539790	BTN2A3	0	0.0000901	0.000124	0.0000955	0.0984
chr6	43596065	POLR1C	0	0.388	0.296	0.411	0.304
chr6	117058379	RSPH4A	0	0.000146	0.0000603	0.000276	0.397
chr7	7495577	COL28A1	0	0.699	0.497	0.791	0.584
chr7	47350957	TNS3	0	0.395	0.241	0.467	0.351
chr7	130801675	MKLN1	0	0	0	0	0.169
chr8	67543100	ADHFE1	0	0.0000513	0.0000662	0.0000636	0.194
chr8	95459586	RAD54B	0	0.0947	0.00053	0.211	0.00896
chr8	101223380	FBXO43	0	0.0105	0.014	0.000166	0.08
chr9	302151	DOCK8	0	0.584	0.513	0.754	0.506
chr9	5059176	JAK2	0	0.658	0.497	0.711	0.529
chr9	89774533	CCRK	0	0.401	0.274	0.311	0.239
chr9	111938661	PALM2	0	0.44	0.338	0.462	0.39
chrX	18575317	CDKL5_RS1	0	0.0000757	0.000142	0.000125	0.172
chrX	18575318	CDKL5_RS1	0	0.0000567	0.000101	0.0000711	0.172
chrX	18677861	PPEF1	0	0.367	0.306	0.347	0.345
chrX	23321160	PTCHD1	0	0.000188	0	0.00026	0.198
chrX	107306781	COL4A6	0	0.463	0.303	0.509	0.298
